7121
98516
63835
23669
23205
63330
74414
83295
3919
56844
55629
72216
59430
31432
98563
76076
65921
71100
68804
80461
78272
37497
21948
43395
87810
25491
30853
85591
67838
58943
81306
76869
32829
85993
5663
43604
85647
3739
98604
8933
75378
97401
95684
37627
58216
986
42443
81197
60027
92267
32890
55366
26476
12309
24786
99144
91994
58751
2372
15728
49587
18972
53401
35234
11535
57899
44272
67501
71208
69524
96162
4751
37401
42477
69352
94551
18149
27800
43354
74756
16825
57770
82832
84148
80631
8692
20142
89957
86078
83711
86346
61532
72920
47164
68720
46204
54735
61579
25896
41612
20782
43200
91942
64156
56875
46199
27012
61656
654
51671
93195
14023
39002
99823
1232
86466
57294
74355
59709
6837
74714
8380
82456
44080
94997
35600
18667
5656
12108
91495
31297
99178
57780
52862
97174
73583
87129
17178
14170
19113
47803
88319
26898
89427
68936
80500
42257
9911
44644
73916
55180
55528
63842
11432
58365
16700
9099
1276
79164
74583
92021
18298
45593
96169
52639
57905
21701
45528
14608
8350
52504
86599
21727
24224
73100
49437
66985
50193
9380
34442
65069
45444
38650
51000
56570
73033
36073
88544
47970
16644
62829
62236
55913
73077
95204
50737
1996
81520
67982
70298
23095
74648
29128
96599
22569
49528
55390
65037
55177
34738
88728
28312
92466
18412
69372
54047
55373
84981
93926
98666
93831
94367
55191
17986
13838
45775
74325
83113
58639
87581
35352
21440
53816
710
61496
98986
46198
9920
506
28726
70978
74352
397
9076
84959
94100
78940
41912
27054
72897
95103
86061
35202
45227
5430
29837
58457
1777
92687
20331
88165
84338
81538
82904
9931
46175
52449
1542
65910
9900
15063
69875
56534
86449
80969
93779
22867
55277
95471
74145
63630
35809
1881
68076
33745
57007
39254
52297
6245
68107
30135
1809
43460
43220
98808
22012
17027
27081
8426
72705
59955
89367
67665
26404
37302
90726
33163
16021
82762
20371
95815
45630
95543
70472
31700
82080
3291
44096
12528
34306
56404
23834
56585
22529
88103
99468
58379
37311
93375
91516
37823
14063
66629
85505
55152
62453
57897
90965
64638
48885
28283
38097
32387
28811
4387
99781
91559
33830
57586
77070
33924
54481
53788
86690
37477
41822
79517
66990
40837
59811
94332
85478
67271
15779
8127
8972
93762
61542
61991
48753
88963
52439
8178
63438
38119
23709
43636
50093
41049
44157
2329
20110
90185
51499
83969
34430
71596
79115
63041
81259
24741
83042
14886
49347
85609
47432
40402
34081
44860
1508
81725
36522
61392
91436
35389
60464
90288
20724
35154
94099
10109
18873
39524
94570
84997
93105
97527
36509
19201
68328
35251
98199
820
9120
7933
89873
26753
10952
1458
24729
86290
32293
18050
68166
93725
77909
45079
4283
29066
22311
77333
51263
30319
15152
35761
97000
43693
1985
98151
18285
39282
61586
92798
80934
56581
65194
74709
31433
14080
23313
8434
26008
60732
99102
75594
95025
64567
2807
49852
24450
42670
25595
3759
3567
41363
59626
93179
6906
15779
22921
11754
68416
48970
28053
60788
56439
3529
11734
80555
27458
21966
59076
71630
52454
93789
81678
42866
85291
4614
87701
30720
7200
4833
75326
72075
92912
47958
55103
95876
75704
91746
25568
60914
6988
83898
68474
32266
13371
12908
93018
64048
55365
65055
56365
17981
83112
96075
66827
57248
66509
16923
29978
74612
28407
96805
74639
5
65109
41790
51587
75913
25290
92577
3558
35712
97715
92103
49390
40450
27911
91722
31820
86474
68808
47416
24246
58921
71259
23528
21254
89771
97298
88523
37921
21537
63549
33717
89649
23614
42303
52201
37434
68421
74721
11535
20413
67509
59085
18275
30527
82623
30478
23169
21032
96417
4506
48693
98394
78871
75218
80977
18086
66031
84760
34273
91793
99500
52720
49267
30433
73152
3572
60754
28788
84191
50456
61343
87042
980
44559
5566
73568
2889
37874
91268
85816
41791
33707
56060
79115
86773
40524
97275
55643
55267
58158
5361
11129
78009
81465
84195
92908
34373
24845
3188
57039
80852
89265
93178
97190
98668
22321
26831
99619
39360
25759
92618
44082
23753
24383
43471
42987
11674
96431
14495
25125
73363
31075
55684
25362
15137
80739
70841
11064
55096
96342
56202
18893
81427
89540
8695
47225
11195
28414
67889
89301
20790
77328
11793
36308
496
54264
95645
28794
8845
73416
58783
58827
81542
74416
80381
62313
92293
16368
61022
26040
99219
12681
37840
2631
14591
40055
97790
86993
81837
94334
19625
51233
80815
4173
93449
83503
11296
46382
39246
55144
3729
92682
57446
45644
49256
75925
74197
63700
1501
95662
80053
74907
50714
12001
69608
7708
13040
87612
76761
77101
11429
68946
85565
99537
50678
29911
80185
68441
69323
61418
44041
48474
64661
33932
36603
97287
16717
33882
44042
13198
94947
20257
60704
95390
18125
15012
58347
55330
58293
75164
23600
34199
54209
61199
48762
31356
80805
40373
33826
9315
762
63376
95872
22597
20462
34869
46572
94555
42356
95243
68519
279
78463
74978
67028
26705
88401
25818
72357
55635
7874
62789
26934
37961
10608
78682
97459
86485
17646
79718
45399
55055
57671
33766
93160
58895
68598
64997
76055
91653
92063
26767
55288
41419
46110
33309
5040
32026
91244
7915
13008
44589
32179
92439
3420
76092
70812
50609
59141
55930
58847
17830
15947
34663
97424
15434
89818
75765
36037
71671
7045
10249
18349
33950
78254
75115
35229
57185
75778
84438
81463
44398
20210
75949
92223
59687
55504
48496
79934
41465
7600
4373
83610
67611
82671
9462
44019
25575
52488
90968
9247
1657
127
94331
20898
1487
8860
6308
81524
1791
22251
89199
38808
94719
51761
39079
59294
7690
44111
43564
44803
20863
3164
98920
98316
77367
31739
53743
13749
4967
89833
60972
52760
49460
10828
31560
21617
98165
21623
4621
22852
56129
20526
72995
66852
45853
62543
1545
23952
13680
89775
99226
40037
24453
31299
53807
19501
67760
44908
7102
48826
9615
30359
54599
54346
58309
89976
36093
31554
68357
61275
69657
36799
8317
68839
81407
80089
29925
76582
35398
75979
50322
47270
72203
19184
18886
35566
96375
82270
25375
58844
55583
9966
22453
39756
32206
60588
4103
27948
10396
4901
98329
53953
77281
48225
58791
23044
4296
81441
14600
32380
17302
10345
49691
87085
41459
90728
31034
8840
71568
50365
16617
75035
2092
15517
87703
26720
83246
346
79953
35626
53416
75287
504
38869
75366
38031
76631
39343
54514
7656
701
96344
42004
99290
20892
39142
92262
57370
77828
5533
64385
73744
38993
19293
43263
10081
69183
24232
12310
43966
71052
10761
85609
70320
58858
50159
78583
76848
92252
7754
29277
30736
67001
4697
68958
56215
19498
67177
59936
21746
16348
93347
49480
77549
27354
39454
76826
70989
52361
22759
30914
52488
15173
11646
61760
19886
81727
69438
34384
62044
41403
44677
57829
98613
44347
55166
43816
52657
1954
13168
6101
38057
16949
27385
82779
70911
45615
47003
60830
349
68169
25053
44029
84681
68743
93633
98915
71357
99638
40880
22566
78895
87904
78265
11936
46709
70205
29753
57491
21774
6344
67715
72712
12948
62303
7983
93874
70911
46306
46829
80385
90928
63621
16006
94849
77360
30214
38584
81124
10732
31416
8815
62785
63197
86377
44614
99278
56054
8868
52396
84421
98811
81356
88007
60494
97477
94262
37777
61319
63448
44983
16562
60288
27726
95915
32237
30495
56935
67247
25467
67477
55294
88087
59251
77179
96843
96334
44656
50099
71177
7446
46476
39298
3335
86525
86483
91765
52698
56839
45209
9701
57434
5091
65000
82480
15750
15401
5243
61069
94468
22262
52982
11144
64145
99534
5557
65472
45774
2284
54085
83054
58957
55862
4012
93364
62657
50407
67905
60911
50495
88608
55936
76431
5501
39403
52772
47709
48947
82795
36158
98061
31257
9715
36921
74248
3755
77834
23364
22465
4556
65260
34900
12040
53943
13420
39248
84171
69958
44568
96135
97759
92061
81980
34234
67941
37462
93895
70429
95592
31741
77116
88375
76647
72559
46360
60590
6014
29792
92436
9940
90888
58422
41820
7593
48902
86702
53214
3482
63998
25784
47246
83664
64408
46919
61551
71435
24905
87748
34491
46576
46205
68362
25265
9790
22140
95206
67546
86510
77434
21895
54833
7850
22367
31440
63094
40568
40815
45188
34761
2258
40699
89291
62101
59548
8353
66549
68033
53077
77808
47068
96627
90255
63671
10228
90787
75694
91325
83618
13816
21612
27927
34913
55136
39556
42476
96536
30712
8086
41244
13083
24045
20596
30347
47644
26540
20004
49011
4253
97714
42089
89277
41613
32475
63976
74072
56364
73783
77241
1815
47981
90490
11809
34083
13309
83853
71999
56038
87290
34931
55856
20941
6310
17567
35978
94042
11499
28746
94760
87455
92514
55384
23113
21388
47514
56866
42924
78879
81584
29755
64328
92634
20178
85953
4819
71194
28470
83853
76469
45899
69072
33061
59020
27607
901
31238
82068
95811
42760
99732
90944
78953
3306
81642
26362
80806
55574
67410
95581
59212
83343
41458
59051
57720
11723
82421
44573
49676
53362
24613
17053
50462
44566
75241
27144
91146
38661
10217
71532
3135
36228
3517
9559
70213
88579
14751
28981
65066
1947
44992
44587
73442
69032
52503
52455
29457
2897
7754
39532
80479
3500
64141
70435
13088
92161
99311
98341
43408
16971
62835
69249
72800
52951
59595
19564
7329
61346
86330
73213
3197
27245
39765
37744
47124
41154
95651
3322
26507
99155
78831
12301
36022
60071
91236
91032
73440
68297
11949
99759
13954
25324
92995
680
64614
74149
29649
41690
51113
22735
88727
72153
89169
51782
32282
92079
37966
74112
86635
10991
57959
56805
33990
93685
47154
69449
19390
87008
80300
48036
57353
15678
25266
69581
45325
75201
45709
17531
59704
4099
75117
17846
3196
22068
28075
57515
44760
50939
16556
51879
22518
7403
41101
48236
44125
76782
43421
94552
84427
88266
36702
36793
11533
74254
16603
31097
15827
73768
17105
58721
54283
6444
42565
20815
8875
99626
47275
21980
81441
64899
62726
42362
29435
98713
67850
53129
64944
59266
89481
80130
52006
62314
34784
43735
91188
37350
36127
28262
2094
56288
17754
65158
91156
15022
88563
15892
86916
62590
48160
65838
86709
7086
47515
78215
45590
83352
55731
86997
71597
38742
99667
82559
18210
15313
10355
35068
32922
35897
4670
13615
40734
83890
79814
61113
12692
29227
61761
50561
76549
86367
86536
37766
95717
40013
28123
72305
17686
34278
24111
25852
19710
58782
90458
97814
59778
80202
7517
87482
93493
60809
35952
19507
10150
54908
53736
44300
30480
91514
77042
16276
14210
6346
18745
87219
72596
97415
57745
36931
84991
80015
69712
49433
52620
83344
47620
6889
44979
99357
34136
17301
39139
27605
37817
2258
7001
56507
56404
99392
80510
67508
15122
34875
96650
96498
7649
15998
30854
1011
6352
60416
58766
30259
32569
9125
15098
16273
9542
97738
45419
17676
55266
19036
85344
69168
81450
75287
33978
13688
71944
30098
87810
99972
2720
24390
67642
76571
94148
7453
56842
22448
30816
16917
45137
48198
20498
5184
60621
86229
99855
9137
9409
79793
5478
46372
75423
67024
53073
18691
80409
86233
77841
48866
78440
52360
49513
4967
8366
85225
1467
47481
98058
29567
94510
83819
74688
33057
58735
79213
47975
10425
71272
93449
77817
27620
76937
49263
1724
87609
74500
70419
79831
11837
71912
77297
88726
3310
7891
1453
66268
76717
19133
7003
81323
10353
97698
9117
63857
62255
89307
65532
87446
70536
81070
33069
99786
17793
95259
50992
72743
89831
82516
44188
17850
23271
93068
68584
95050
57982
15124
84211
52924
73616
48713
51979
11935
15924
51259
7348
42183
35150
25781
18703
79065
58136
71051
6079
26871
55196
63270
18361
92694
18196
22213
15757
41116
79152
8245
26512
2155
15360
22450
80324
68171
31571
20043
11120
98669
19427
14228
92544
21665
66966
86255
16097
62070
68784
18432
59271
51887
25400
8912
2013
84592
61899
87852
20728
7327
90067
14287
47231
43761
29392
90198
93115
85372
75297
64339
14110
36584
53145
37262
11453
15982
87989
63212
82761
31035
88200
25441
48460
41394
4631
43267
74441
9985
3581
89902
55283
78460
55914
94071
35608
41391
27697
7846
19777
86230
27497
45485
77715
97326
77054
67107
1635
26743
6125
13529
71826
47789
84515
1909
35563
3389
52928
45501
82807
54059
98984
70196
99916
32654
13426
51456
77787
28782
78867
38711
83655
79228
38734
93610
5230
74442
49725
94890
94761
43972
84523
68967
4424
96293
46009
45645
64919
37470
30172
28374
83990
58111
51572
87542
99741
68009
33495
42091
21318
43617
11013
20308
54507
55573
37884
15899
89175
32646
81617
18420
83561
81243
81898
12870
87767
15595
15213
63584
80019
39743
51132
98405
94039
45272
76545
21158
448
3012
27381
2617
28169
61347
43218
32236
34757
18546
58554
71505
99716
94785
64824
24049
95609
85167
45203
68755
66846
96379
96909
21843
29428
61146
5637
21959
58628
57140
63803
19449
32906
91118
55574
67732
35538
87422
50169
89655
11173
37833
68414
82103
27329
20374
71660
70822
339
302
47916
87759
90549
94886
62512
45579
24052
79107
10308
25570
86498
4568
70
26955
9536
83067
18635
63158
15610
18694
59776
50433
70502
34295
43116
69743
77513
16696
25807
94710
55876
22155
21884
49124
67114
67909
36985
32782
48707
99853
53062
68879
4000
54800
97004
74534
9701
2352
12158
62208
13741
25672
71283
55832
8339
8297
34308
19168
5629
85561
45709
60124
87665
86677
36712
75975
7450
45591
65362
70771
87769
91275
46414
16429
58850
75334
12044
87257
35761
10521
44882
24873
82730
4420
65349
38972
27080
79867
90361
57123
460
84032
90211
43105
65431
76096
51619
47124
57601
21026
99543
95417
84708
76693
6005
5678
34144
54054
19690
226
12599
18429
83939
8744
56084
13811
74636
51072
13958
52107
68836
64034
14747
17405
91729
35558
29954
32201
63083
82274
52472
50618
88619
73357
12696
33489
79873
52269
44724
10958
33156
55036
58892
17537
3995
96458
94759
72422
94198
82753
53188
6372
18724
58891
30171
36588
96162
11904
48890
76352
18903
95928
61395
6282
71144
24234
77735
64112
21083
36835
67740
55700
8468
88848
44817
43782
11597
42722
20715
5165
44730
31659
69009
31414
81092
96309
6461
14175
22539
16444
93891
5093
68535
39700
54335
7323
97357
15306
7712
96213
88935
41766
59454
365
47604
50700
26654
70594
54013
9265
51568
7846
22934
92922
56911
85251
3267
35484
59953
50337
39331
86864
72486
94180
35532
15853
62477
4824
16108
19118
27715
53659
68124
12087
18590
95426
30091
21859
4230
47943
41564
48472
38354
50303
42153
94615
49877
79525
82548
72997
74827
17348
92257
2700
92762
83545
78125
37622
48764
37494
59760
3011
78673
75220
16846
46063
22836
65567
71945
40943
64342
93159
62315
44555
84976
34109
85752
78289
47792
70415
48003
47883
41279
75208
26202
33153
81919
69287
33164
32577
52259
95546
95749
65768
3601
8001
28539
11010
2873
32530
60172
63754
16892
72712
83207
17540
68846
63304
62994
1127
71444
88339
63584
75064
38676
26825
52289
98702
47963
7350
33370
94761
52787
82885
6756
4408
3584
26048
23188
88519
69600
52904
89618
41015
11470
32667
31832
83156
72215
19346
5005
17596
32
56274
30584
112
25690
57428
22670
39251
25534
24350
8666
19479
28914
94168
5669
1396
74745
72770
6793
62152
74583
19987
16504
83139
14019
57877
29482
91670
22275
11433
93112
78135
54778
92944
63971
84496
23585
53747
24558
26551
86860
18266
34365
14896
89064
53789
98026
5421
96766
98303
22006
33031
36474
89113
87020
74867
65185
24890
84720
46001
4847
42266
98265
46006
22440
62398
82659
62230
47190
69611
61196
19811
70166
93158
84852
93121
33293
28125
80736
47599
13149
57915
27095
47511
44757
11057
8353
41606
80323
30579
20413
81135
74271
33171
58172
21963
59534
51681
30575
98502
36462
45370
38365
28324
34013
76456
20641
85911
80503
46118
23706
3244
85151
84851
90446
79811
4128
7851
34251
24164
53148
31035
78688
49599
14359
47004
85870
89158
72905
74812
49505
66443
89328
5395
47179
72865
45937
72221
71463
14415
35337
61840
19192
19611
23722
31895
60142
71136
54703
18000
10117
38136
91814
11527
1884
84659
40032
13555
34040
76199
625
11671
69930
10627
31448
19112
3146
34421
52217
18772
53928
67646
2727
91777
50042
99540
70585
90549
27286
1827
58940
55760
66776
96261
73799
67015
15955
38007
53417
27956
36459
90579
51628
43397
39324
21845
83218
41001
60599
45734
30099
80816
66894
33400
85479
25110
45958
91536
26469
46898
16968
84802
78199
51291
98079
64505
78158
34243
42890
94618
28783
66879
83446
96794
78979
56819
65055
44351
57562
78923
78822
86567
80174
94278
9590
37531
70568
27876
41846
60956
18815
13068
18343
9922
64017
58641
85305
8986
7431
66548
62506
95203
20546
6631
12993
5228
829
13199
51563
46001
11043
88615
26029
95840
49579
76146
33253
83998
19772
85943
30630
23383
21434
36398
37032
91312
94637
909
75660
45414
10378
81893
45900
20076
37170
40153
12784
60331
15197
4108
16103
66690
82881
29835
37545
66849
48360
42718
13832
16825
67110
80544
96139
93821
7507
2514
10160
25154
56528
26447
16944
89982
64672
93081
47879
71096
9348
7624
49150
78405
36884
45082
42449
39982
10302
44688
27844
99147
82053
8870
23253
16399
38181
63676
54317
69946
799
19126
9521
91781
94941
8592
37394
99621
1837
69203
29629
29889
33006
31818
44617
68410
25466
15981
78465
18465
97718
52460
81602
88236
83526
13981
49896
18721
79952
38089
22035
56406
22628
47371
75671
42855
36079
62418
60400
25599
69206
10499
13021
51267
78613
30460
74520
35216
36588
78592
81071
55040
84573
75041
59996
26986
31524
17434
17995
93242
64919
7236
65774
61122
34902
87550
12821
49936
2875
74643
24010
7139
16792
53121
85917
21627
11979
98542
48943
80542
8104
47545
33465
97950
21949
21154
66826
61665
44564
70208
44897
8024
65302
20928
39573
34956
91196
42681
80306
45223
56342
25474
37713
28226
61077
90557
52525
402
95805
67851
92230
20746
82449
7238
80557
29774
16118
80448
40677
65672
92424
812
58298
45890
82950
42268
83928
87265
28242
19234
20384
35782
90708
11641
82189
54606
84064
69888
38120
88043
41247
51068
58216
25286
68016
54018
58708
17844
56273
54789
60141
1007
98816
2793
77925
75129
18241
84870
20544
93577
78914
7594
52210
1201
45105
29882
80430
12920
50358
1986
94562
87613
12256
21707
52717
90260
51231
45081
59043
56059
24443
88250
50046
4714
33813
84748
17509
82328
67951
70451
10111
25265
38390
42299
86047
79957
31871
17019
26575
70319
5387
98868
64951
52421
97030
86892
96340
28090
58356
33084
66282
92265
53517
56760
69798
89975
70693
69245
532
95028
68878
49146
22782
25600
62825
23909
71991
21676
7760
57776
87600
45086
18147
8806
43275
2374
59223
85707
84910
54981
16017
22915
28518
61200
60469
16974
97652
45173
55870
27751
76604
74053
74729
57959
13958
51973
46123
26916
75294
48329
13703
67400
36105
90614
20300
646
50329
35097
28296
22232
55873
53755
65857
2215
35439
87660
299
49510
10634
39546
7070
46909
35
67072
53254
99408
35909
86348
64523
1462
39468
18759
20817
20325
29643
4265
27777
58854
91912
52410
16440
73284
85459
3756
50021
33392
668
97065
16081
69759
53763
70339
58748
43293
51072
48535
4512
58147
63694
26729
60936
8923
31592
74623
84771
94713
27709
97756
7570
67128
35479
61867
41175
92652
2109
34489
94900
63458
41710
6928
53828
77984
4463
12485
54853
89396
27761
8063
41797
70574
48378
76127
91406
73204
32947
112
33564
12382
78287
63612
56992
50740
31496
65418
27989
39289
69869
94623
57841
87207
44143
39789
26507
17020
70476
96097
61789
82214
11546
19480
11899
73542
67945
24201
68704
83963
58503
10854
43762
85806
68895
59673
53737
32048
97429
22539
75348
24792
57435
29872
69233
88052
59935
59662
33797
60299
87524
10442
64964
98009
52925
45451
31061
31353
31921
42310
15063
12611
16327
87587
58735
87005
92153
52172
63473
917
61435
56571
66872
64393
4132
63637
62520
70222
17790
93393
55119
30780
44621
11210
46296
69646
46669
84105
64058
67831
36850
76070
99731
69265
59759
22860
23364
96470
94905
22861
27759
91247
9364
84342
4703
63898
13159
17413
61259
17182
69218
39045
53006
5947
56565
45316
99125
63362
94771
4885
15356
74815
91657
80226
44458
28792
4610
68218
56960
297
70114
814
66169
16056
17874
60078
89719
46950
36826
55437
22007
6450
24593
31950
66352
54258
53623
58111
87748
92540
50804
52490
16039
93091
78622
96110
82529
37449
72007
68817
16369
33112
6747
11356
58718
15742
42822
95857
26628
50694
4977
16758
33087
70959
11129
67160
53441
99613
94926
35795
85254
1129
40305
22485
16299
87814
60735
48636
82247
31899
16867
38726
81702
75881
72898
2938
34317
22096
3186
83196
85486
35730
13105
29095
68726
20951
94395
35243
98196
35857
3496
89875
98615
97732
82226
71984
4481
30320
6985
52134
86858
45143
96429
98918
28196
3151
90276
16999
4600
66934
83507
66314
49950
20782
61022
77796
15939
81571
8876
39545
1050
17054
89281
84843
34393
10419
916
1748
20978
72265
47462
40760
38577
89639
16130
79417
31937
64184
78219
16489
54956
83798
43686
60108
53177
27779
98639
396
44674
59249
99923
3082
35881
21987
32955
14266
71947
2506
12915
42085
35909
53358
45168
54751
87930
65835
61416
43216
44205
43235
41789
10794
53106
32877
32642
43982
34348
73924
55050
69665
1680
15895
30325
16304
50995
28628
63921
49818
89306
59895
72932
67803
22690
2788
18948
60264
56015
27491
12085
71516
83185
58353
88033
2624
15050
4178
78984
83304
87089
72991
39022
15526
61161
96569
54161
49053
30783
86903
58328
40711
87006
73859
63901
52522
92128
98824
58229
66830
14276
8477
1173
74370
61873
30318
42211
95167
79897
8175
94418
64551
23739
8009
54886
69031
73159
97715
63187
77999
8547
48735
63544
14021
55357
73892
10925
16514
57774
28584
49540
3139
72464
51892
40998
29201
49952
52682
17931
5173
44142
99407
17051
61487
49509
89766
50685
36213
75677
278
79513
70873
71634
462
90363
34491
32298
9543
37650
77418
6888
71304
4788
2001
78555
68583
53944
50687
13841
36681
22550
57404
63875
12573
70473
26040
21781
26329
42466
12605
41109
97019
58941
25665
21405
85003
62417
26504
69706
20100
23710
9702
99276
16866
87291
33943
87938
65860
66040
81221
96692
36575
26341
87787
47258
47455
87579
26225
92159
45138
96710
41805
19154
12302
91391
94381
46250
12183
51674
75404
21970
16761
44307
90489
23893
19408
19525
9227
52806
77216
49952
89318
73496
99397
19534
16185
28109
2265
92107
69259
60701
69318
30344
84988
97536
35426
60598
94118
62559
8372
66706
20936
4850
60038
58165
33396
93771
51271
39856
91686
4835
73515
4788
82073
95818
2770
4539
58899
44667
78994
64019
17125
76958
78593
82810
17049
90154
68075
4145
75971
83484
79742
13322
46772
4305
42316
46430
67238
51933
76385
91455
7226
91244
3099
10735
32458
1944
29849
46688
70196
45652
93524
46958
79589
96129
73678
50314
52374
6752
91317
24391
91818
47793
93169
47063
76207
36408
40107
8502
94965
15921
82811
99435
74939
84499
82353
3714
78231
31761
75601
71841
57506
59022
36840
43939
99123
62380
78255
95771
16164
91246
8378
96103
70117
87495
4336
64684
12108
41098
77457
14456
84377
35389
7488
22713
67355
74015
97711
19169
72512
46276
78857
64160
95084
66887
30335
64265
42600
12417
25404
78468
70797
39778
89271
46312
68891
76114
77583
90873
61129
56265
29354
68869
34997
19778
70153
21831
69730
98617
49496
40900
17221
40886
97520
73651
67073
23307
7191
64370
8060
38859
73597
66800
2766
65237
91936
3614
58229
7333
3782
28619
53310
13500
45121
19197
32888
75783
98423
40159
53041
84187
86999
50442
21181
36277
55938
66273
60129
31043
35720
11947
16299
21257
73608
21369
3087
97463
79976
31745
83705
67089
17592
49241
98637
86525
28252
23727
34971
57625
30710
75036
86475
1647
71200
43294
65802
37816
87093
71506
76370
8626
84128
21172
17466
15265
8149
41681
92134
82104
15429
98511
40363
99925
83126
23763
51466
21317
38032
38026
50965
76165
34308
28508
40909
92591
17683
60317
31177
13430
18715
71154
11594
46110
25905
64856
31895
97379
22679
47261
84834
69007
58917
25170
27551
68468
62878
87890
93355
25493
66540
5723
47743
12739
32165
49913
42801
5008
2467
76554
84479
89318
69398
74673
86604
94003
73865
70205
9106
80794
86360
75873
53189
73035
85276
92999
95926
19131
67906
6583
82776
87893
39186
46254
73862
6309
40402
27206
75615
3785
69371
54838
30508
1426
52853
27522
31900
25309
57257
54290
31047
314
25872
76466
92115
75154
23411
20418
98966
55474
68177
72037
16156
9114
41575
48086
64034
62661
90685
66754
5228
67441
56191
23159
24578
10943
89844
9900
51567
42403
93627
40991
65961
48844
47740
68091
53909
145
17704
12294
31541
15454
28634
2554
16322
39754
33572
49178
19021
30074
23616
57236
957
26694
8367
33936
40386
4349
40412
54235
31210
78378
41225
19099
35282
51219
15079
82606
90295
90343
68498
16852
39327
38183
85572
61423
14862
65461
18904
67277
32533
395
94576
36430
7255
42031
63029
43947
11034
45588
72930
41003
91471
53081
93243
52689
8896
71606
36688
97602
37966
80899
5347
76202
38579
49381
98262
4243
68820
23065
84824
34472
50525
76504
89459
4423
58499
25237
26202
45896
85026
33353
81671
42015
5732
20479
80625
74132
37940
10372
14082
59891
70157
48752
17800
66951
64603
77780
52262
924
41438
62903
18687
57143
63117
82771
80790
5076
81220
89662
22358
55293
32705
36432
9393
27316
41650
49606
55099
72968
93409
21161
68697
12965
33262
28245
16969
50355
72397
65509
97853
79162
38404
41805
97441
21171
84730
65651
14935
49318
11458
22559
42274
52933
64416
41926
32132
36915
87746
11828
88807
13608
78401
30352
38190
36182
11151
75983
17962
40183
1253
51251
96228
15645
75051
9436
72157
26099
14335
69293
25797
38741
35923
18096
71541
81146
29542
86630
76329
98377
3032
64611
77737
77402
7622
33011
45577
23474
89174
50451
16141
52120
9267
56723
76790
21738
115
32328
23926
37010
95757
72467
98104
41222
18466
12609
183
43090
60968
26138
58526
96220
72107
19308
90124
26586
57493
26914
82024
80108
19633
68376
4331
66323
34144
38724
35446
33352
29649
61697
17580
35669
27436
19700
4471
52691
19824
34796
19125
99360
53800
51661
13273
52639
83313
58900
59486
13188
93386
23963
64533
28656
21414
56719
40772
51995
18223
17150
53365
24330
54460
28741
95535
96577
15555
98589
20141
87158
97527
10424
31275
76814
4887
54060
95110
20114
33771
88388
26323
83574
53108
11452
56481
57505
89568
17610
18862
28390
59222
66574
1314
89624
62961
56482
22707
79269
87891
16577
95957
79295
64994
99923
8316
87242
36685
26365
4427
68586
51877
16685
30260
15901
52687
78863
72440
92659
89181
20721
14526
87871
8873
86461
52984
58198
4532
93785
56607
58616
24043
90844
43094
81527
1240
73103
31786
78170
18429
3178
51518
56932
5932
90714
64857
60711
53781
55771
48724
86320
35133
26824
3678
68143
46078
24117
52223
8944
19605
28714
16289
52101
79985
56842
27648
83025
58826
72029
26050
87163
13481
62514
70066
87599
69324
5997
37214
98388
55729
42601
3160
82511
9866
86679
73999
5506
16132
55449
29380
12381
64330
4852
33569
12163
96370
18915
45177
18502
7306
78491
4986
77818
35390
35006
55872
40078
86887
38109
71227
62335
12413
7357
98020
95455
10127
67342
82951
61047
55284
24873
98006
13059
92376
79552
71426
5457
60757
29853
63318
36844
55886
71300
31332
24368
61370
11734
96943
78590
61981
65810
8313
47252
37601
34893
83739
9149
90147
42792
29079
94763
27569
93262
65153
89361
86749
11650
61659
12513
21523
14998
24597
42310
87264
56708
603
96570
96665
69246
95848
79786
38252
61295
28062
3952
55645
69814
41258
97070
51390
77221
48797
91201
72452
9650
37491
67551
35226
93861
47834
67722
82954
49130
70618
91396
60800
20254
68025
76095
31800
85074
3868
42827
55660
61017
47021
38767
4244
23324
60158
99984
84304
66100
26983
79617
54309
51999
46018
11232
56052
84128
71178
39915
19881
6996
2397
38315
32538
49447
981
40094
1962
48163
91022
95035
95342
93176
38582
90365
50390
91453
40923
77141
9269
5984
37720
7932
22274
73403
23125
21875
90635
92205
22994
47750
42584
85670
92178
5184
98178
52647
32045
21268
14798
91304
93647
46559
96245
41180
19546
14748
5663
89499
86790
64499
72728
15322
3840
23472
31548
61546
61844
60998
87089
13306
59942
88653
44619
20324
61810
6850
58838
66181
38259
17087
6473
30726
48083
68121
44202
62763
86380
97017
65331
5850
59581
38600
83706
74066
66874
64854
7563
95955
41640
53440
12882
51688
69035
28677
42814
26311
89081
74579
35204
65691
99901
2190
41146
19611
70586
42012
50039
83252
95124
96049
93541
19586
6995
8148
12082
74484
1344
23228
868
65965
79259
55979
8144
8412
80390
99845
6868
33472
4716
77170
53200
89364
57077
38317
51832
76602
55532
29065
35822
15544
91414
51651
41090
75172
65497
3942
58251
68457
25826
15814
91748
30095
28950
64707
31185
93369
60686
69936
61742
67321
18424
37005
54435
1913
92058
76574
7902
97583
96515
97883
85843
83822
49962
78851
2781
8944
24009
10491
30392
3950
19706
20122
53850
16415
15430
57972
98750
23170
57774
14801
68543
36338
11992
49391
89655
27583
2290
46546
70258
60564
23475
69823
45769
4910
27626
75420
82232
21843
11052
10674
11693
15012
97837
9029
26179
30724
66003
84458
94780
34514
4824
90515
31034
708
86092
27165
38685
51734
16764
5339
31481
57794
83550
48306
7820
6089
85663
32511
74546
16226
16404
85504
16275
72158
3637
76518
81278
99607
78507
20922
4512
50758
7722
28735
44726
46173
72992
29988
36901
12456
66097
74590
35252
55195
46642
39132
80121
55333
97613
56062
78796
23141
46987
63536
98682
9423
31390
48347
8920
16792
23508
29425
91780
95269
4702
170
74382
87030
7427
65205
27464
36101
65048
69602
36340
52576
69569
59632
25043
16621
93936
54356
42195
67527
47129
97251
2770
17304
9279
95335
28555
43811
9737
5659
21287
97190
73450
40317
26117
53969
66213
39298
4148
36894
95871
35145
77268
72699
86055
30458
99036
80494
75139
43509
64368
49687
66935
39450
87192
27469
5517
71074
29988
19890
18539
60669
49692
52711
25296
45757
28625
35084
11125
48463
84406
20010
47397
53245
83834
32415
87430
3273
96805
34514
89796
59161
50123
52166
59072
55196
71935
17509
392
37229
14116
42362
20114
83795
45659
5696
38053
95809
42936
54965
35391
70334
83629
83159
91968
59896
31910
4218
50922
45472
87928
84551
9795
25511
19151
75746
98047
70614
55091
19454
88234
47140
79716
48109
49380
17573
54879
79994
91127
12369
99704
53638
62114
80715
29183
926
93518
83860
80474
62926
84244
43369
50158
75110
29545
22076
56336
45215
70491
17467
42403
41084
44048
61119
86084
48709
71898
9188
84654
24388
41932
5696
43114
26981
28109
7878
79334
33968
70151
33980
71489
77370
726
65912
39186
72917
54551
63294
74052
52337
73931
87509
34800
74745
81684
26382
34535
92903
83196
9849
89949
48331
51457
83821
85876
97390
39535
50957
18613
93026
50616
98120
29954
70030
32231
91081
90891
83750
68244
30591
55064
50169
32737
61226
511
10369
31196
41547
98806
72226
81858
48299
61144
20217
12816
86023
29433
86211
98351
29162
42367
87608
5762
91685
62753
86873
66272
44400
15277
33889
77528
98781
1355
59137
28975
28235
83055
50525
99279
42488
94085
43081
46097
9952
80632
57611
47567
43533
92288
76705
79214
4616
78934
39597
4860
84844
89632
14545
16998
25854
96553
4641
21363
24945
21474
86119
15299
71909
43444
60248
33654
30538
15810
58230
88071
14514
91096
43958
95844
55940
2207
53120
39190
31590
85580
78956
60034
52047
51656
91337
36612
21943
17574
13852
1567
74673
90274
14401
94897
71380
26705
56840
41082
86429
79469
1093
6515
91647
52591
54052
59974
35976
23020
81796
55925
80091
59778
99654
19936
51703
74789
7954
80210
28027
71818
2991
44508
15711
96146
90054
1944
16684
29455
75944
7742
86142
11643
17549
45950
71190
13972
28166
61191
67958
86082
94213
83345
79636
34269
65157
28429
45599
48387
26685
37075
60688
88830
61010
10547
18611
93683
6896
83243
11662
7233
62314
30590
88480
22977
97658
36204
11866
41526
39185
20976
30173
49457
23632
78184
385
4675
84207
88855
24553
89098
3868
32701
70220
70657
44557
83041
42021
78943
90180
84345
87092
90963
98240
25528
92626
78083
22118
19673
1586
98264
49661
30585
20242
98762
32160
45674
99014
26265
21645
38870
80541
1387
63884
68267
31080
20577
29306
68364
39945
10683
69315
93156
94454
31577
25438
56133
26025
49645
53186
10569
38775
14155
43433
91251
48952
42436
90096
65810
59004
89969
52339
17457
83842
41283
24902
61321
82688
92789
50384
49954
77530
11170
26737
46886
29554
62926
62174
59663
89010
12210
21037
96754
12166
79584
88378
92514
44890
97381
81319
64166
13962
72202
55432
79165
39194
4905
31259
47434
52575
18763
4260
15080
18145
61325
83794
98954
5437
80108
2428
86370
77932
39492
94757
26761
34666
95497
15015
83403
18242
76614
80072
66253
60640
27633
20179
72066
900
93342
647
94462
75977
82212
4878
94259
70926
82456
48339
58551
7331
31522
49994
14943
29580
70365
36032
12431
60517
36403
10342
55118
13644
1607
19473
94338
61445
28127
30947
88517
6022
30071
75580
32076
55341
20165
66243
41826
66525
19259
91458
29733
62221
63400
50991
75979
85469
70090
22954
42431
26611
34074
23072
17978
1347
26402
30208
82590
7354
74661
68714
12241
91714
25678
2135
85332
3402
73137
75080
84455
93185
79388
4663
71579
49491
1425
12428
44659
57821
32709
97306
21980
10053
29601
3641
46123
26006
39889
52661
19264
67456
28563
92045
2503
74247
10684
54635
35886
64509
10771
78056
41688
5583
69614
93882
76460
77658
95154
47768
97480
6201
25552
41187
42821
59001
27240
44339
45177
36572
81201
53466
27447
1726
99072
93444
92582
76803
42488
35002
12580
96324
93625
49454
55829
46918
39237
6740
19218
88541
58148
65134
59808
85890
55652
510
1061
50190
65605
4663
93029
21302
47459
74133
60506
95650
5457
26719
23893
91079
67703
1411
25943
46056
78364
75840
9068
55820
84114
60766
96214
72934
54132
94846
6717
60855
7749
34422
9225
61409
26853
50011
31922
37765
24516
11646
54196
7829
49779
55018
19361
86000
8858
23628
20103
21551
23925
23616
15451
77043
24611
60368
28776
69016
19012
31020
79809
5072
26007
95678
38224
30498
4955
11208
80644
41144
32691
93672
47082
69205
85861
90276
68712
76757
9592
46562
98982
25499
35331
93961
70769
83450
44894
31567
73444
87219
9136
41320
53643
31218
49384
92231
68557
56351
81085
16545
41112
49208
70247
93779
83822
19497
83948
1318
21680
13507
11332
83271
94423
51187
62108
29637
76111
58942
40552
90343
54648
99455
4994
65472
29397
58396
43871
2946
67477
70539
87564
7428
66292
53998
37602
3044
3662
76022
49081
18762
81444
36194
54232
46606
67493
39851
29909
51770
69438
27502
40669
61387
38990
94801
7669
67310
58132
46200
60326
91702
84730
14361
67321
67717
53997
43219
42754
34486
90822
59489
1874
75092
22556
64869
18099
31692
427
58173
66896
57080
67896
73134
6117
25196
7803
17215
13054
6324
29741
44004
13910
7237
55234
90162
94890
8174
32222
63126
92379
94490
99703
52700
84351
20595
64878
12076
84110
89770
49815
75623
74642
72783
64120
60728
12153
18263
69981
25677
7057
61776
43257
19975
21970
79999
74369
67893
28345
45674
90764
22491
59826
33159
88410
28287
16428
44028
59594
83573
39416
31798
13091
30538
89610
7741
92432
55991
59854
87337
69922
31876
50475
71963
67329
73868
58052
19531
61064
88355
64109
25519
86694
23522
93518
44200
27686
62791
75067
49143
34197
43717
68343
14746
57490
16740
43497
81167
5791
6685
84518
72633
88426
24574
23123
46956
49490
77342
57761
42539
97790
98568
94498
12809
49073
90799
78777
40383
64738
57241
32602
94172
120
40977
83315
14020
69486
62895
30981
99615
44864
83368
71087
21655
56369
61453
99517
12029
45025
40469
52667
48414
65970
86365
54722
83326
60082
6573
30411
7487
35932
32753
35219
8331
18780
67923
36458
38960
24426
55696
22471
90580
18949
90602
91026
55228
41878
72144
78904
67621
25333
51230
6483
83189
65759
27923
23158
17855
84561
92275
94955
86700
45816
27731
49907
90090
75784
17407
96479
4149
20310
6476
18328
3776
98295
76305
48777
51903
5042
51774
46493
36265
47560
77302
10768
52691
46259
21554
85263
8906
63126
32280
45344
95099
45677
56739
71236
67491
66123
91507
47862
46162
54667
79459
52029
2062
40676
10785
43339
87791
39912
40902
27485
19552
96166
98884
20316
42297
28997
55072
97298
7486
7111
2552
99885
99788
64727
51001
31143
43189
566
50118
62955
8411
93176
78184
30532
65904
74798
95691
73324
88510
19465
14207
90608
19840
11501
55132
59531
82560
51
1059
82353
34138
26192
64117
11504
49124
38391
92057
41598
13161
62732
58322
32348
80924
86825
99661
24037
4574
54672
70664
26979
1738
64025
22937
62834
33308
7407
52902
34288
68039
66988
95786
34431
60265
41901
56736
12505
84578
90715
38610
10661
82143
91868
68087
55387
58889
87308
308
54059
94060
80288
99398
29734
71364
24855
65819
41922
45560
10372
11080
86176
30020
616
29671
96354
52715
17644
68979
12066
25145
16501
17805
3639
38327
69932
81608
4871
12456
10958
18731
95457
98898
55614
98294
90628
61782
34894
11796
96511
15349
73744
87631
19476
28984
67386
6999
82724
6155
55977
22496
18674
14847
37656
89231
8413
96464
19627
65328
63349
56249
486
98923
93134
8897
26906
56467
95483
78225
47011
49866
12093
17946
1752
60874
10401
30725
9642
91572
34323
23609
50866
32005
85949
67381
67379
30403
30874
15926
71435
87181
19420
32154
75630
46880
42307
82104
24337
75518
90684
21277
52383
25282
85344
42116
19500
53121
55809
20372
65374
43027
32752
91306
50672
83666
643
69638
8979
63463
11992
58947
68649
50670
55815
51990
41218
6854
98192
6836
17715
98566
16609
40986
46376
74805
11923
93985
83785
58790
42818
25655
56349
65496
95733
65810
3509
66335
80807
63107
73216
1954
33145
71867
91324
44305
57721
26304
30010
43869
98571
19184
35349
55349
25702
37493
29404
4561
21661
88887
6013
54851
25049
88263
8746
33323
68857
25668
98894
70330
71637
85294
45246
87740
9679
37853
9489
57881
9659
71440
8663
99635
71808
26991
29395
92054
61231
1362
6538
63512
54930
61596
32244
23361
33774
52167
99410
78563
34301
37645
42543
4034
44232
69989
30764
48954
50151
72684
20343
27072
18706
87861
1995
12276
11381
804
41114
18684
73343
18875
39293
81151
20257
15768
45448
22880
97014
27842
32718
86413
55410
66919
77399
77326
70334
40615
49561
58729
47607
86618
18356
62120
48413
96820
61382
56623
28178
56513
14847
5935
50038
64021
70352
65383
11813
19945
18156
58426
94236
71004
84190
72319
56560
47061
21966
761
84886
58461
6981
69806
98301
24998
30195
69206
71199
12403
49988
28067
28147
69334
73560
40009
13398
96766
58567
80506
96177
56288
35964
81113
98473
32114
26469
9731
12981
66007
35817
12978
38949
15980
35763
32980
46260
72103
57116
97978
5037
54508
97935
43730
87733
72384
48710
6892
96386
23045
42245
35229
19112
39769
15631
80995
76604
23942
72717
21277
8771
83418
91319
93577
71075
81052
97644
50498
3794
89166
71249
63460
3887
4594
75017
80723
63734
2218
57800
87664
53004
78716
21117
3512
14801
52716
53901
91442
97969
56323
15201
87358
82537
1608
27365
27629
69211
75378
87434
18860
85748
13482
95542
14283
40950
41223
61980
20688
69671
72996
2466
55826
31237
81841
87743
71250
26114
59382
67367
15542
915
81172
28499
26433
57408
27172
82335
94390
90251
83855
15644
27078
7259
87604
31476
15889
12968
70184
51998
90992
20096
58383
52427
74578
34613
71093
96728
47033
51820
88077
48087
19993
3218
30969
59766
19466
85313
50515
58613
1881
55855
99516
29275
89504
38772
81249
91319
82434
35130
91632
19150
72920
4636
99572
74478
86930
49886
74628
18296
16558
80577
69061
44954
31534
75341
67082
60580
93461
2964
20259
33670
70537
65985
43412
95216
14136
95028
5009
5585
77299
1329
57755
5679
61554
44701
13818
36115
57728
53834
86915
97896
83012
29062
54412
51308
3927
69943
83143
43712
71064
22831
88852
23352
80913
41197
41398
61840
51125
91494
15448
43377
75534
48672
24055
89482
84710
18378
32653
89142
85439
87817
48137
28748
15933
46800
42599
40420
25359
34107
82690
54902
45044
77342
78175
98069
31046
29613
61001
37805
37414
96409
19301
57712
67064
93030
83490
93358
64702
27930
1815
98580
72341
24647
45142
23037
19178
68612
3633
59122
47032
44785
693
24934
75321
86709
15754
7094
62200
92937
81657
2691
67469
72235
31397
10484
550
74735
57341
93362
3458
76654
47980
40247
39474
21562
85005
14001
75604
18872
88854
93013
39571
12167
69650
41868
79736
58077
20286
18502
49361
32124
75388
23468
93329
96385
90811
16386
89094
80927
6267
44505
65189
34474
73973
11337
70960
53740
38208
52491
30842
26726
22556
9326
12066
88181
54244
76047
38474
30695
97003
90970
22044
80034
8834
62455
56974
12686
18937
74082
48316
67569
70829
41948
24150
27599
10248
6141
82803
79710
67609
85978
43598
2857
47888
52273
44586
12012
65769
70888
19328
76136
12505
46690
45288
57258
98625
3879
52683
83032
24193
34784
95456
69891
14672
93443
6784
23580
56255
78907
287
36757
93092
80362
71650
93242
98058
5804
80127
1624
21868
73708
27886
29288
82875
60862
58890
53627
78558
84007
49567
70273
47256
63353
26386
46588
86300
80775
16504
9467
59433
75494
61506
94155
80820
80205
41580
7885
54204
89221
90862
25859
73896
52352
65892
23022
26029
55557
79989
97347
72660
16128
3301
2030
31179
94993
59939
61155
76084
20724
96047
66022
820
84999
98733
60149
55292
12871
89327
68687
8620
39099
96056
81729
92513
61274
5476
49449
42759
89497
8065
22250
78858
9076
88916
13304
3543
93974
75471
4343
13407
28991
11070
65098
47784
26301
13224
3422
74143
22006
51181
74304
74969
74841
23396
41366
6166
50441
11495
5976
58907
79072
80011
72393
57818
88778
33024
13866
91358
79090
65624
66172
81648
86515
28114
97791
61944
12585
49607
76723
79889
56065
34675
52240
22373
1175
59547
28754
96008
31022
8847
51910
61005
53066
8365
61079
21210
16082
22617
39738
77024
35775
90134
54386
47564
19023
30150
80143
92384
73182
34903
34473
31010
26055
38826
27717
97766
6144
14787
57122
95740
70631
32070
78953
59584
33371
19030
4845
80594
58474
8405
71695
77649
85346
33791
28321
32361
58740
69779
73269
64199
54665
71852
11426
72580
38760
10386
51759
79170
23873
22915
4746
9734
75216
80039
93339
42671
36148
85780
79843
41270
65612
49661
42003
49850
7362
39338
91699
15426
79975
18156
1221
19862
51504
78301
14910
16873
17021
34674
35227
24897
14696
91163
45556
12221
15709
37290
20677
55723
89441
58475
50926
19079
22215
86569
91288
30903
10508
90508
23128
40255
18640
19578
47357
32757
77231
43214
38001
13492
83497
3342
64963
28605
69185
64078
31620
73890
75712
54488
82182
73941
18519
14217
64501
91234
21990
52393
62233
21054
30548
72284
48881
55665
44909
25954
52154
82078
65746
35151
86430
60944
15185
56181
76817
37055
33243
3740
54836
3868
5351
75106
81349
77995
1134
80300
86858
3513
63877
44769
95517
92877
95077
99427
33851
54832
10765
67812
3189
19393
62999
25331
15150
72127
65492
26836
95575
32504
60455
24094
25508
95956
64995
27261
48088
95078
15326
90087
62895
24840
26454
84899
30702
18126
88330
81433
27003
13793
11393
69382
35491
84996
7765
38603
54226
27202
26289
38478
30557
32008
89410
62617
37858
78152
24662
14632
91048
5569
45339
92090
71789
78311
26395
31806
99279
25068
71650
73933
28892
10433
48771
43854
40113
27733
33483
43511
44839
25647
25187
89507
1691
28694
92752
36883
86554
39044
89558
54026
48093
80649
56862
25876
41236
21940
22974
47964
98994
61664
69395
23317
62594
55406
39441
94709
9547
34571
188
44903
70610
58098
51093
45336
33984
49038
11911
61362
64496
9136
55981
48365
61557
56194
55779
22210
31141
78453
88634
34481
46132
88613
7306
84761
42757
1874
69983
17139
13139
8034
32092
76286
18590
26060
4382
98350
80529
36575
31295
4372
51012
71096
46029
25896
25078
54320
4343
19530
15153
42196
76040
99752
2466
87838
46158
47245
90847
68175
95954
71552
2740
54709
39387
95468
38665
12649
5932
90567
34679
81179
80547
57568
26621
16689
7904
43895
10419
7579
93270
17554
87195
37765
79365
38878
15478
90116
31135
74230
27463
55914
83976
33289
31756
26003
90474
23106
76403
47961
52718
62616
57995
72143
59451
9536
50008
58612
41742
62936
51427
36737
58447
14238
31349
77812
62040
80668
83154
38795
64660
82229
27901
41714
6421
41748
34672
29762
72290
92017
62663
26104
51716
35171
45221
21855
40285
33058
52523
14227
31599
44012
17698
3590
58674
44297
33621
75576
70699
42334
56688
47436
58665
54692
35469
92649
72018
91775
76064
88137
70283
93766
67461
45958
96531
85794
48687
41429
33344
61339
42814
55781
14831
62512
74788
40358
35860
41595
51291
85022
98539
32687
49144
27761
64732
68363
6159
40424
94434
94637
25585
90372
24034
2959
23805
81025
14840
15814
40429
12827
99421
2267
631
84719
1704
11596
51360
51278
89685
35788
13423
20889
6359
79954
61613
6565
89976
4448
37455
43375
90854
98652
40096
58591
48990
94311
26250
90076
6795
5981
28803
77042
70170
92722
18934
42956
47436
22581
79483
63603
90584
54305
85533
31379
94363
64308
50500
5135
8173
81126
94107
10317
85614
79161
6905
78891
10159
55239
47256
35468
29082
22457
12624
48203
15968
18027
43312
47298
89727
52700
26669
89733
28517
28573
6972
20934
22392
20698
82306
48841
32220
96152
84052
63103
8904
38759
39069
39837
83697
66709
59352
76500
43281
7632
1469
62659
35222
64633
65940
61803
39836
54737
64489
75222
78271
56299
31819
85645
93709
84111
37403
55349
2377
49783
36238
91335
15081
46998
6683
40074
26071
77488
20340
28804
74612
80841
49253
7901
76352
94538
11790
44205
98390
52975
1526
67582
76091
5839
74519
72772
9268
24451
80320
39224
53120
41315
357
96391
2545
33066
86626
16762
62346
50341
85505
20513
51475
31721
58052
66540
75888
20529
57634
47563
23095
45984
25421
38453
84250
43461
38543
74226
46317
89302
71246
75765
67482
90744
56740
72171
14636
914
84073
21589
21631
4988
2651
37843
82575
8782
65435
88357
24867
71142
39877
9078
53687
99564
95923
97719
61282
19392
33510
87235
12864
46960
35226
83128
47317
96191
34978
75488
34769
25701
50846
26040
58128
43460
92773
13235
43899
75527
66792
84571
53285
97645
31190
74973
73544
13262
94192
43166
17889
41542
67894
24101
31242
39088
35985
46422
95626
70736
54422
33469
98056
13303
75909
80043
54661
68393
45620
843
70669
4149
83975
66139
40752
29791
59351
46612
86198
25107
41394
59311
64174
25334
83505
2200
99384
75189
56010
45676
82373
16299
84199
65139
24045
59600
11425
83421
78847
82898
1702
23136
60462
35544
65058
81270
13084
53546
80234
76514
36733
24074
57873
85349
4781
63061
9266
1040
81431
12421
34178
42520
52731
18432
76904
34679
11365
99207
29084
66642
39989
13989
5003
42531
19729
87494
74000
6894
12170
67899
37862
46928
96916
97368
91270
63199
84736
94246
81801
43273
77386
22163
60037
80477
79735
94040
16071
14373
19310
98280
39985
60733
91213
15769
15907
83131
17482
76112
62180
99805
74688
61812
21949
1099
9312
73447
32979
24578
68043
70371
94043
96960
34121
13667
8833
63107
80574
15420
67751
69743
50407
21072
30504
83333
922
74995
77957
86696
43082
62146
841
87590
47291
57936
10823
91128
50039
66478
75923
28463
81250
33453
921
5364
9149
7444
73246
59457
78143
34281
14896
10280
26119
71466
83936
55970
20162
16396
13769
73083
27054
84014
21798
33229
65241
49761
30933
79293
20319
58789
14540
24246
69643
27373
435
90637
12531
17423
78677
42213
59460
27799
42807
27577
41435
20985
10169
56435
4795
95121
13925
85700
94263
64453
49720
71447
53021
17974
59258
17265
53134
12536
13913
22071
6206
99619
44117
5326
67099
62834
37481
17946
66770
21048
93341
17336
57399
43240
24658
46180
55481
68249
74979
78579
65633
88740
81377
37319
43382
76575
90973
73607
59902
48278
64001
33205
55341
4319
42607
46304
71151
55454
49983
57224
57653
40745
83984
34590
14253
78464
35238
63351
36681
98137
80090
12234
21838
93043
74768
55479
65037
7381
10491
34439
36078
67880
73659
52938
6465
17123
44174
19650
71807
91528
19574
94421
39050
1698
45905
17516
94358
22855
28684
61805
99681
73961
19975
93411
15656
25279
79639
61297
44400
98366
42301
96338
10028
58017
48781
99424
96404
96967
24884
88217
99263
46679
87251
77641
14659
60786
82251
65286
92464
21302
11708
91441
71072
27832
61214
67904
16625
1773
61799
81768
53616
58619
28064
39041
9676
25458
86793
55352
40909
86675
25932
86737
44456
43771
28149
85553
96612
64552
9905
22067
46636
86251
46029
91501
16151
7875
79561
11409
45226
57440
65299
79151
6540
34251
23871
17942
78593
11813
42221
26924
33867
1630
91549
39786
45118
95033
51989
88269
4729
70401
48610
90331
33266
88335
72797
75900
50682
13039
68062
45944
30615
79347
22689
32745
29398
16846
54632
99868
6256
28561
72440
26026
3756
32761
30037
16000
92492
87525
45791
38927
50471
70280
46086
55097
82512
25398
19875
64732
29258
82215
51004
70972
47274
68204
68269
8789
9373
38490
56803
12979
51692
58819
24739
84073
84309
10928
56923
17042
86755
48663
60546
72345
97792
14385
8681
72607
64112
8421
74934
73601
25446
9512
59239
77349
97465
25986
85771
64398
85863
3435
58318
86052
78132
82471
28652
26286
32549
16808
4681
92229
90636
16096
7848
3756
20502
30297
18508
78047
49290
49062
74854
80633
44889
78660
72894
44682
78155
77181
96539
39225
82985
65421
68808
66835
55240
26322
26924
46584
67695
82315
39315
53918
85643
68239
71654
6430
84617
64404
29620
5708
32414
14520
68559
24021
37419
96850
66519
17776
42433
56098
89319
71341
77122
17822
28798
19631
18255
77634
72929
63367
8227
38360
25106
18851
54382
86451
55837
67955
35579
76049
26792
31445
89286
34903
15227
15237
28008
88409
86439
48081
69006
97430
70135
47010
29706
15899
87704
96543
66074
10018
74901
50989
27756
32626
64826
37711
18507
79415
52791
89878
76020
95706
66660
68279
3281
47317
95827
99541
85970
78060
53357
54904
24564
50487
53456
10804
67590
54387
2451
37888
67224
10441
91175
8117
32758
34225
3819
19093
18201
68984
10611
31822
17091
31589
74637
50777
33902
69131
45467
95947
26247
38603
8153
46331
7166
2364
26387
45743
20373
16205
23547
5118
96819
57816
68276
35641
71939
54900
86236
75368
57707
94918
39781
63005
36157
55819
4595
94808
93493
78742
77478
10191
91599
34842
54447
3644
81775
90623
29309
44373
89539
50378
28318
6270
19406
61853
57401
71662
44030
64416
53048
86881
44733
24408
29944
8382
10104
8264
26584
75247
67658
4899
23278
77562
90517
28514
45589
17667
80059
49297
67504
56429
80393
83808
43229
58729
11665
96640
79141
38342
9363
66541
2230
35283
29642
25770
5152
38671
90328
73533
45290
43353
16498
76079
50126
92092
45452
71285
78899
93409
58428
39331
16357
94255
19209
15885
20259
43116
37299
20437
91790
69640
84276
86587
60670
1177
59363
65392
11028
4307
30401
80426
61191
32425
87551
71783
80871
55803
34371
3258
32155
52138
85404
32940
80750
61100
29740
24780
58527
90669
91367
2363
7244
32722
68238
38827
99772
16945
17540
24148
89784
42729
13196
38978
84078
26388
45650
14970
970
63424
71796
24564
31507
88476
18569
88629
48084
26768
43282
98396
8596
80197
55932
73718
75742
8750
64948
36249
37469
65191
45528
96102
45174
88580
21344
67858
22225
73915
48180
19393
83851
63148
17500
5620
76551
73879
59422
21598
30349
85130
47807
71234
84888
72656
33638
2708
92689
38584
82952
84797
76378
51281
67953
39503
56332
97500
79678
15037
33262
47230
51877
23165
37702
82580
55709
10261
47625
47244
11851
55386
19354
57522
34779
40640
86800
20366
18134
94404
69034
4663
82956
9548
24598
49881
89114
70438
45830
64116
32609
27652
53713
51888
87235
69789
66847
21358
62606
28886
34690
66414
26764
42022
49393
3522
73232
76850
78372
24353
14494
68911
39686
36913
88472
69332
10907
56461
61576
29162
58387
30909
73632
43186
70144
74103
11249
69705
94534
13735
65852
31128
93267
34091
35855
66010
56478
71484
74841
34905
12564
68919
45882
16072
26203
37584
17237
71435
9873
90772
10449
18021
55663
39915
76861
97378
6200
71464
83012
30023
13211
52857
32701
22888
17023
40301
37603
2007
10138
20916
78347
13744
54307
38614
97401
58185
914
39200
76687
34652
95535
57681
10620
33017
76727
46867
44153
23388
34037
87433
31732
96615
16009
35608
48170
11202
72451
100
22610
12770
1303
16046
37201
9452
67432
53699
43672
15550
32469
29002
42372
82687
53845
84258
95721
11514
33252
79173
34138
62287
16787
81948
48576
52899
64368
78128
21237
57081
27414
82305
23731
20775
26685
59733
53117
25865
92112
2582
41433
90988
67646
49913
68663
71872
74194
38533
25236
27594
39670
45414
68934
34407
85521
39226
96833
50944
91630
54395
1573
95184
62770
61308
15999
44003
48279
57574
57612
81430
88028
25045
43789
54338
87577
18415
71650
61933
89600
99020
70685
62119
50208
34547
29944
15475
57114
69094
34257
79468
31293
38392
69566
32286
5192
93245
92431
54516
9381
50419
1174
61175
22424
16386
29885
36188
27272
29206
41145
76951
33089
89764
87428
88381
64499
92809
42211
92494
6315
13220
81604
29939
56393
51033
26799
27972
59972
49380
34319
72185
83379
82553
12002
92451
56685
99874
22160
3551
36181
14260
42966
18142
26304
37674
7404
87204
96232
25478
92855
90405
79668
7920
42742
46479
94708
26339
34673
23898
26049
15587
83839
25934
62138
77678
72566
34972
17162
43599
25727
66999
28428
78911
67167
24497
33020
11514
3526
37496
28227
88337
58068
78266
11196
25142
91026
1641
10671
202
49027
54656
1383
31767
85085
28751
39294
63150
30464
89078
91891
15330
9694
79536
653
4195
41258
64453
3318
11109
59266
68448
50780
53011
92004
39290
94495
10560
86414
5539
94790
82957
65521
90628
59457
51783
63621
64770
66859
24565
67022
49558
17108
4184
60514
72335
31325
12643
25510
9593
48810
92635
25407
49207
70405
70738
44049
19572
28003
69424
86515
51747
47597
44992
26814
46739
45923
9290
66514
85345
59836
87972
18151
95360
38123
86688
37522
96069
52604
50606
91190
84477
24208
73510
54271
30685
48783
69542
76056
55179
14133
58710
9302
45628
76279
88231
56949
30072
18290
68857
81209
91195
69713
92473
88140
60149
91846
89323
97952
32567
63165
49023
4231
15744
42796
47458
79618
5782
66417
11019
99372
40255
80447
23758
33094
10959
52976
37563
74951
57254
78218
30109
28714
53053
82726
60630
82262
43607
28977
6925
76371
4541
59096
99551
26558
51574
15673
30900
11516
50395
91005
67707
26519
26242
32152
77185
78596
61949
21501
71645
82576
84735
36014
57803
63457
3025
22209
78544
29581
9044
7974
13129
98296
534
37086
7712
53978
97508
63367
7238
20936
79291
1908
97505
80932
46295
42471
12915
27294
81766
94714
86401
84730
78777
26042
9179
8844
35546
68644
27010
34895
31644
48156
41550
18150
32656
67907
8585
35699
38027
63356
87451
37492
71632
82783
59028
99239
14537
61928
19382
71688
3272
46511
14569
64576
64877
56106
34560
97166
32937
36842
92629
77234
388
68602
96374
63216
50069
24003
16558
30734
50122
8592
92843
99169
3012
51780
64963
11778
82559
64985
28630
64072
99070
29359
58200
54216
77897
7873
1045
91453
43280
3458
57528
83245
80807
18919
99526
4996
40076
42384
32147
32893
31067
81696
63442
86703
67653
94921
42113
98789
51800
57982
53613
47513
37261
37097
70873
88763
66644
63931
50807
75376
11269
7511
92049
3876
49760
89506
5222
95240
50070
85460
6226
32144
17643
28812
71392
23829
51313
50077
1172
2064
46415
26312
86695
69483
29804
80805
37245
55992
54997
17617
92737
49964
40175
14789
43415
37911
39587
41580
53082
24780
46020
64549
1289
6520
26645
70781
40663
22108
55999
4184
92309
11043
69513
57024
24646
86094
53969
80066
86506
86910
59524
38790
73144
74862
44347
20716
67213
35637
85995
73847
81583
97588
43731
26876
90844
38435
5332
23725
38666
75471
22450
35074
32749
61315
52824
47823
7208
22915
4342
75245
6540
75523
62611
70828
60838
21102
71953
90753
48461
30167
94798
47273
69203
3222
2783
93658
70067
45336
99272
31748
39960
98185
90563
96289
51690
81028
15349
49433
15333
63966
36599
22043
94812
63178
85291
81104
80971
49336
23336
59655
83868
77292
28650
10395
30897
53140
86456
89710
9317
18473
78433
9824
80896
48375
63360
19075
36415
14029
24572
22380
78654
18583
36345
62686
44870
6109
63862
51031
36142
92200
86979
39308
5309
60756
39823
55483
17022
81056
48403
71481
87764
20762
7577
50140
68687
48058
36432
98842
54825
73847
96380
72145
26324
68258
29095
6509
48590
67001
61076
95674
36433
30412
17843
97823
13756
98251
33839
28059
9244
24302
25046
10125
11100
43244
29764
60057
38239
54134
20018
46953
15352
66500
11411
70595
8266
96817
98405
25370
60058
41170
27581
87472
36668
45121
9562
77618
61245
61789
74953
48777
57650
73744
48189
23604
81285
14659
34081
83641
17545
4497
15426
8204
10749
95692
76922
82571
75849
21172
46124
35102
83133
77226
68958
86787
20718
44097
44088
89756
54245
83858
28137
20676
70037
79112
9598
39912
97413
31178
48009
19123
65273
98876
30573
42134
37302
23980
96833
88838
31270
75631
77080
27673
4828
97101
1957
82763
96149
70064
71127
36553
68900
93422
74895
19386
65872
30412
8901
49194
18000
91525
50360
66155
22784
61722
27982
6882
55173
92070
10443
8366
17364
35740
67841
81285
93306
14586
76386
26750
31293
55411
70051
4460
9850
36366
12158
91261
31485
28265
37112
79235
49184
53069
49524
53273
46354
58134
44820
97772
53654
17179
24457
64262
82501
34610
30773
28654
1393
42777
76640
17400
59543
99086
63214
92439
94532
95346
49665
7213
91425
203
26646
99638
92185
83338
34149
98935
67080
51191
73477
49969
40029
95190
13108
34949
8704
82773
79268
55282
56561
91018
67620
22685
35597
41980
83344
72927
30459
58749
58307
14301
17638
48057
26433
2960
99759
67263
94642
59192
92438
16834
99573
39937
10979
22554
48760
3306
28850
57038
68384
81703
70016
46779
76645
3035
61592
53093
46719
97205
49512
18334
12101
93263
6968
98785
79076
63904
93907
77630
66398
58452
6551
72369
3529
31208
84070
54690
94864
61732
87176
64709
97584
44580
39156
37806
80500
32316
12425
9378
17707
66012
95680
39394
48013
81855
64095
34928
20279
35825
90903
41695
93514
97279
90153
1558
97474
84069
10261
99748
13012
82944
51410
2556
5947
47
53105
30525
97923
33006
77343
69651
96686
56673
79323
22971
97742
69011
82045
45651
43827
42990
75568
86034
70425
16089
70684
7127
99596
55150
14180
85503
79226
88746
38334
80271
8306
50902
97219
78652
47410
68539
64738
90001
36584
70547
26939
75444
24565
73558
86100
80258
79844
14439
98094
44361
5960
79929
24773
26472
62645
27250
28907
87671
54971
93323
86685
95238
17252
74169
31952
23130
95863
96246
86304
42444
92442
61106
34276
32824
48059
80521
720
49599
3807
87859
52970
81300
88188
53323
5349
40828
27286
89003
15362
39000
88734
85746
21285
6799
93986
55506
30065
4496
2452
67262
94018
43555
60556
85350
18036
93322
79868
48125
91405
84764
26904
60752
97697
59477
25592
68694
31236
68719
66022
62851
54236
71339
56604
44545
56147
7516
68708
98584
29279
64678
10896
29249
75578
40411
27473
46798
19118
67749
71062
70081
40519
73023
95199
750
33813
76589
57828
20453
68910
8558
42901
43003
65453
55104
47450
30211
57274
34522
23779
52399
21297
7800
81463
4624
89793
61151
15580
58291
79183
44296
49300
18248
96957
12553
17884
89392
62228
16359
22500
40939
18064
5637
93477
89547
26291
92468
75604
51659
44394
64028
54325
80142
35693
90402
82279
57981
73895
65551
70740
747
84159
19966
70530
17225
2819
22952
87552
38613
29991
89265
86384
90332
23010
97738
34569
25376
46856
54600
79816
69125
70876
94074
3762
83804
15883
36666
66930
90711
38852
13342
83586
34817
99607
83064
98767
85383
71534
31606
7579
36411
91897
61913
25745
8775
39736
7941
31361
49157
65684
87870
36132
8036
79075
79910
62153
88815
86338
18567
91638
19194
28122
40173
9576
69135
81053
57384
6504
61175
39304
51107
14071
56000
53011
27918
84913
28150
58736
14179
60882
31012
23240
68923
92432
31586
69502
79678
16935
92933
99334
52294
64029
97363
42256
26550
58287
53274
21649
11990
90440
57025
959
4445
4671
47797
11315
47221
34861
57693
94509
46969
24197
91971
35131
60290
93069
52400
46806
75088
14770
32582
30240
1950
53649
1655
6711
82424
84366
56837
30450
84195
48205
37114
62010
26958
89263
42200
72479
65648
31936
88772
85955
98544
43465
20729
35337
27035
42408
4276
98453
39756
35240
97849
93811
5589
18499
61924
57848
71918
49841
17037
95611
94482
60256
85760
22941
61589
77005
12983
72330
9876
37006
83761
95857
94297
13026
1971
74852
10751
26804
505
92891
90316
10946
49915
92403
2904
3907
26066
40618
74176
97943
15425
44393
33998
60517
29622
64537
85764
96263
15053
77119
23876
56721
73865
73028
24629
73627
4147
43417
13944
71153
71937
53951
16647
51521
27881
99197
80005
98182
89386
26156
65401
73843
33545
45691
53902
3486
22420
81062
86403
66292
29370
63008
80311
49041
9099
31864
10200
45605
91456
52125
61398
74307
64966
77971
50312
33647
45365
65479
6027
19768
13485
64375
49064
9761
47957
7861
45445
74466
16609
95863
41620
602
70490
79171
29226
4374
55081
31466
68409
74227
68041
4885
6151
27713
71029
14136
67430
59933
17430
41095
52924
40067
57771
81960
96320
92141
60215
54486
87805
80613
28267
68254
69404
53267
81377
63436
46490
43879
10110
67281
27704
70741
56263
83586
13766
12226
60126
67648
25696
26480
79077
16838
68959
30845
29926
84878
96225
84432
24208
87893
14718
6113
76521
1032
32539
15406
76200
16846
13615
82559
52413
80502
79926
59566
49529
79284
41489
11822
64909
77529
64873
92967
87380
6081
32369
84201
30836
81101
35415
61797
88938
28780
88924
8553
18199
6350
80118
47911
64193
70340
8844
58203
86196
86247
97818
1357
5447
3508
26851
83405
4638
53047
41239
28340
18197
90346
99330
53901
59469
75593
68908
86240
91134
72100
9444
32685
72501
4096
46110
64460
90694
67863
26389
72083
98836
2096
26888
33632
1109
18842
26423
4625
15733
32369
94739
3662
90671
7150
17
6053
91792
30662
13523
81729
99631
78883
39633
26398
47061
85035
44219
6848
33001
97377
72868
51085
80171
71435
17234
92480
66334